[gd_scene load_steps=6 format=3 uid="uid://c584e1whpcyle"]

[ext_resource type="Script" path="res://carscript.gd" id="1_hmkyg"]
[ext_resource type="PackedScene" uid="uid://1a12ssin0tlh" path="res://CAR Model.glb" id="1_kfhy6"]

[sub_resource type="StandardMaterial3D" id="StandardMaterial3D_svesv"]
albedo_color = Color(0.0117647, 0, 0, 1)

[sub_resource type="CylinderMesh" id="CylinderMesh_ecubo"]
material = SubResource("StandardMaterial3D_svesv")
top_radius = 0.4
bottom_radius = 0.4
height = 0.25
radial_segments = 12

[sub_resource type="BoxShape3D" id="BoxShape3D_a824i"]
size = Vector3(1.53845, 0.845459, 4.89752)

[node name="car" type="VehicleBody3D"]
transform = Transform3D(-0.191435, 0.00802468, -0.981472, 0.0267438, 0.999638, 0.0029565, 0.981141, -0.0256819, -0.191579, 540.033, 23.7909, 49.8366)
script = ExtResource("1_hmkyg")

[node name="rear_left" type="VehicleWheel3D" parent="."]
transform = Transform3D(0.76561, -0.125354, 0.195262, 0.127701, 0.789716, 0.00627328, -0.193735, 0.0251653, 0.775781, 0.142639, -0.084528, -1.97601)
use_as_traction = true
wheel_roll_influence = 0.0
wheel_radius = 0.3

[node name="MeshInstance3D2" type="MeshInstance3D" parent="rear_left"]
transform = Transform3D(-3.81842e-08, -0.9, 2.08616e-07, 0.9, -4.74975e-08, 7.45058e-08, -1.49012e-07, 4.32134e-07, 0.9, -0.0641327, 0.0280304, 0.00731277)
mesh = SubResource("CylinderMesh_ecubo")

[node name="rear_right" type="VehicleWheel3D" parent="."]
transform = Transform3D(0.780313, 0.0682224, 0.162655, -0.0695379, 0.796971, -0.000676145, -0.162097, -0.0134788, 0.783292, -1.90688, -0.0022831, -1.58685)
use_as_traction = true
wheel_roll_influence = 0.0
wheel_radius = 0.3

[node name="MeshInstance3D2" type="MeshInstance3D" parent="rear_right"]
transform = Transform3D(-5.30854e-08, -0.9, -7.45058e-08, 0.9, -3.81842e-08, -9.68575e-08, 7.45058e-08, 1.78814e-07, 0.9, 0.129822, -0.00760269, 0.0011158)
mesh = SubResource("CylinderMesh_ecubo")

[node name="front_left" type="VehicleWheel3D" parent="."]
transform = Transform3D(0.783282, 0.0123048, 0.16223, -0.0125659, 0.799901, 1.92085e-09, -0.16221, -0.0025482, 0.783379, 0.613651, 0.0630741, 0.924744)
use_as_steering = true
wheel_roll_influence = 0.0
wheel_radius = 0.3

[node name="MeshInstance3D" type="MeshInstance3D" parent="front_left"]
transform = Transform3D(-3.93403e-08, -0.9, -6.70552e-09, 0.9, -3.93403e-08, 6.70552e-09, -6.70552e-09, -6.70552e-09, 0.9, 0.0688171, 0.0138702, -0.000801086)
mesh = SubResource("CylinderMesh_ecubo")

[node name="front_right" type="VehicleWheel3D" parent="."]
transform = Transform3D(0.783282, 0.0123048, 0.16223, -0.0125659, 0.799902, 5.57338e-09, -0.16221, -0.0025482, 0.783379, -0.840782, 0.15509, 1.44562)
use_as_steering = true
wheel_roll_influence = 0.0
wheel_radius = 0.3

[node name="MeshInstance3D" type="MeshInstance3D" parent="front_right"]
transform = Transform3D(-3.93403e-08, -0.9, -6.70552e-09, 0.9, -3.93403e-08, 6.70552e-09, -6.70552e-09, -6.70552e-09, 0.9, 0.0688171, 0.0138702, -0.000801086)
mesh = SubResource("CylinderMesh_ecubo")

[node name="Camera3D" type="Camera3D" parent="."]
transform = Transform3D(-0.954319, 0.0502614, -0.294534, 0.0374459, 0.998097, 0.0489954, 0.296437, 0.0357286, -0.954385, -1.93924, 2.17438, -7.49487)
current = true

[node name="CollisionShape3D" type="CollisionShape3D" parent="."]
transform = Transform3D(0.967095, 0.00091225, 0.254491, -0.0167037, 0.9981, 0.0598992, -0.25394, -0.0621789, 0.965254, -0.291901, 0.470514, -0.495422)
shape = SubResource("BoxShape3D_a824i")

[node name="CAR Model" parent="." instance=ExtResource("1_kfhy6")]
transform = Transform3D(0.0095981, -0.000758587, 0.00270206, 0.00055565, 0.00995085, 0.000819882, -0.00275097, -0.000636792, 0.00959305, -0.156151, -0.169098, -0.297363)
