[gd_scene load_steps=6 format=3 uid="uid://c584e1whpcyle"]

[ext_resource type="Script" path="res://carscript.gd" id="1_hmkyg"]
[ext_resource type="PackedScene" uid="uid://1a12ssin0tlh" path="res://CAR Model.glb" id="1_kfhy6"]

[sub_resource type="StandardMaterial3D" id="StandardMaterial3D_svesv"]
albedo_color = Color(0.0117647, 0, 0, 1)

[sub_resource type="CylinderMesh" id="CylinderMesh_ecubo"]
material = SubResource("StandardMaterial3D_svesv")
top_radius = 0.4
bottom_radius = 0.4
height = 0.25
radial_segments = 12

[sub_resource type="BoxShape3D" id="BoxShape3D_a824i"]
size = Vector3(1.53845, 0.845459, 4.89752)

[node name="car" type="VehicleBody3D"]
transform = Transform3D(-0.191435, 0.00802468, -0.981472, 0.0267438, 0.999638, 0.0029565, 0.981141, -0.0256819, -0.191579, 540.033, 23.7909, 49.8366)
mass = 74.351
script = ExtResource("1_hmkyg")

[node name="rear_left" type="VehicleWheel3D" parent="."]
transform = Transform3D(0.775347, -0.0136695, 0.196594, 0.0141017, 0.799874, 9.28761e-07, -0.196563, 0.00346448, 0.77547, 0.118553, -0.0838013, -2.00586)
use_as_traction = true
wheel_roll_influence = 0.0
wheel_radius = 0.3

[node name="MeshInstance3D2" type="MeshInstance3D" parent="rear_left"]
transform = Transform3D(-3.81842e-08, -0.9, 2.08616e-07, 0.9, -4.74975e-08, 7.45058e-08, -1.49012e-07, 4.32134e-07, 0.9, -0.0641327, 0.0280304, 0.00731277)
mesh = SubResource("CylinderMesh_ecubo")

[node name="rear_right" type="VehicleWheel3D" parent="."]
transform = Transform3D(0.780313, 0.0682224, 0.162655, -0.0695379, 0.79697, -0.000676143, -0.162097, -0.0134788, 0.783292, -1.6959, -0.00904846, -1.20917)
use_as_traction = true
wheel_roll_influence = 0.0
wheel_radius = 0.3

[node name="MeshInstance3D2" type="MeshInstance3D" parent="rear_right"]
transform = Transform3D(-5.30854e-08, -0.9, -7.45058e-08, 0.9, -3.81842e-08, -9.68575e-08, 7.45058e-08, 1.78814e-07, 0.9, 0.129822, -0.00760269, 0.0011158)
mesh = SubResource("CylinderMesh_ecubo")

[node name="front_left" type="VehicleWheel3D" parent="."]
transform = Transform3D(0.765738, 0.0119035, 0.231308, -0.0118922, 0.799909, -0.00179617, -0.231309, -0.00171919, 0.765829, 0.832443, 0.0573425, 0.88208)
use_as_steering = true
wheel_roll_influence = 0.0
wheel_radius = 0.3

[node name="MeshInstance3D" type="MeshInstance3D" parent="front_left"]
transform = Transform3D(-3.93403e-08, -0.9, -6.70552e-09, 0.9, -3.93403e-08, 6.70552e-09, -6.70552e-09, -6.70552e-09, 0.9, 0.0688171, 0.0138702, -0.000801086)
mesh = SubResource("CylinderMesh_ecubo")

[node name="front_right" type="VehicleWheel3D" parent="."]
transform = Transform3D(0.783282, 0.0123048, 0.16223, -0.0125659, 0.799902, 5.96629e-09, -0.16221, -0.0025482, 0.783379, -0.911037, 0.158035, 1.08545)
use_as_steering = true
wheel_roll_influence = 0.0
wheel_radius = 0.3

[node name="MeshInstance3D" type="MeshInstance3D" parent="front_right"]
transform = Transform3D(-3.93403e-08, -0.9, -6.70552e-09, 0.9, -3.93403e-08, 6.70552e-09, -6.70552e-09, -6.70552e-09, 0.9, 0.0688171, 0.0138702, -0.000801086)
mesh = SubResource("CylinderMesh_ecubo")

[node name="Camera3D" type="Camera3D" parent="."]
transform = Transform3D(-0.954319, 0.0502614, -0.294534, 0.0374459, 0.998097, 0.0489954, 0.296437, 0.0357286, -0.954385, -1.93924, 2.17438, -7.49487)
current = true

[node name="CollisionShape3D" type="CollisionShape3D" parent="."]
transform = Transform3D(0.967095, 0.00091225, 0.254491, -0.0167037, 0.9981, 0.0598992, -0.25394, -0.0621789, 0.965254, -0.291901, 0.470514, -0.495422)
shape = SubResource("BoxShape3D_a824i")

[node name="CAR Model" parent="." instance=ExtResource("1_kfhy6")]
transform = Transform3D(0.00960949, -8.9717e-06, 0.00276725, -0.000208041, 0.00996933, 0.000754755, -0.00275944, -0.000782852, 0.00957981, -0.156151, -0.169098, -0.297363)
