[gd_scene load_steps=7 format=3 uid="uid://q2tp6fj5j4l2"]

[sub_resource type="BoxMesh" id="BoxMesh_1g04c"]
size = Vector3(2.5, 1, 1)

[sub_resource type="BoxShape3D" id="BoxShape3D_qt8ok"]
size = Vector3(2.5, 1, 1)

[sub_resource type="CylinderMesh" id="CylinderMesh_rls7r"]
height = 0.25

[sub_resource type="CylinderShape3D" id="CylinderShape3D_xrql4"]
height = 0.25

[sub_resource type="BoxMesh" id="BoxMesh_pncju"]
size = Vector3(50, 1, 50)

[sub_resource type="BoxShape3D" id="BoxShape3D_pte3a"]
size = Vector3(50, 1, 50)

[node name="game" type="Node3D"]

[node name="car" type="Node3D" parent="."]

[node name="car-body" type="VehicleBody3D" parent="car"]

[node name="chassis" type="MeshInstance3D" parent="car/car-body"]
transform = Transform3D(1, 0, 0, 0, 1, 0, 0, 0, 1, 0, 1.46939, 0)
mesh = SubResource("BoxMesh_1g04c")

[node name="collision-shape" type="CollisionShape3D" parent="car/car-body"]
transform = Transform3D(1, 0, 0, 0, 1, 0, 0, 0, 1, 0, 1.46939, 0)
shape = SubResource("BoxShape3D_qt8ok")

[node name="rear-left" type="VehicleWheel3D" parent="car/car-body"]
transform = Transform3D(-0.0207505, 0, -0.999785, 0, 1, 0, 0.999785, 0, -0.0207505, 0.799043, 1.00888, 0.589927)

[node name="MeshInstance3D" type="MeshInstance3D" parent="car/car-body/rear-left"]
transform = Transform3D(-0.0300599, -0.99932, 0.0213789, 0.999319, -0.0305036, -0.0207408, 0.0213788, 0.0207408, 0.999558, 0.0418572, 0.0121114, -0.0136006)
mesh = SubResource("CylinderMesh_rls7r")

[node name="CollisionShape3D" type="CollisionShape3D" parent="car/car-body/rear-left"]
transform = Transform3D(-0.0360404, -0.999119, 0.021503, 0.999119, -0.0364867, -0.0207367, 0.021503, 0.0207367, 0.999554, 0.0487919, 0, -0.00101268)
shape = SubResource("CylinderShape3D_xrql4")

[node name="rear-right" type="VehicleWheel3D" parent="car/car-body"]
transform = Transform3D(-0.0207505, -5.81454e-11, -0.999785, -0.0270958, 0.999633, 0.000562372, 0.999417, 0.0271016, -0.0207428, 0.799043, 1.00888, -0.663116)

[node name="MeshInstance3D" type="MeshInstance3D" parent="car/car-body/rear-right"]
transform = Transform3D(-0.0300599, -0.99932, 0.0213789, 0.999319, -0.0305036, -0.0207408, 0.0213788, 0.0207408, 0.999558, 0.0418572, 0.0121114, -0.0136006)
mesh = SubResource("CylinderMesh_rls7r")

[node name="CollisionShape3D" type="CollisionShape3D" parent="car/car-body/rear-right"]
transform = Transform3D(-0.0360404, -0.999119, 0.021503, 0.999119, -0.0364867, -0.0207367, 0.021503, 0.0207367, 0.999554, 0.0487919, 0, -0.00101268)
shape = SubResource("CylinderShape3D_xrql4")

[node name="front-right" type="VehicleWheel3D" parent="car/car-body"]
transform = Transform3D(-0.0207505, -5.81454e-11, -0.999785, -0.0270958, 0.999633, 0.000562372, 0.999417, 0.0271016, -0.0207428, -0.774279, 1.00888, -0.663116)

[node name="MeshInstance3D" type="MeshInstance3D" parent="car/car-body/front-right"]
transform = Transform3D(-0.0300599, -0.99932, 0.0213789, 0.999319, -0.0305036, -0.0207408, 0.0213788, 0.0207408, 0.999558, 0.0418572, 0.0121114, -0.0136006)
mesh = SubResource("CylinderMesh_rls7r")

[node name="CollisionShape3D" type="CollisionShape3D" parent="car/car-body/front-right"]
transform = Transform3D(-0.0360404, -0.999119, 0.021503, 0.999119, -0.0364867, -0.0207367, 0.021503, 0.0207367, 0.999554, 0.0487919, 0, -0.00101268)
shape = SubResource("CylinderShape3D_xrql4")

[node name="front-left" type="VehicleWheel3D" parent="car/car-body"]
transform = Transform3D(-0.0207505, 0, -0.999785, 0, 1, 0, 0.999785, 0, -0.0207505, -0.778459, 1.00888, 0.589927)

[node name="MeshInstance3D" type="MeshInstance3D" parent="car/car-body/front-left"]
transform = Transform3D(-0.0300599, -0.99932, 0.0213789, 0.999319, -0.0305036, -0.0207408, 0.0213788, 0.0207408, 0.999558, 0.0418572, 0.0121114, -0.0136006)
mesh = SubResource("CylinderMesh_rls7r")

[node name="CollisionShape3D" type="CollisionShape3D" parent="car/car-body/front-left"]
transform = Transform3D(-0.0360404, -0.999119, 0.021503, 0.999119, -0.0364867, -0.0207367, 0.021503, 0.0207367, 0.999554, 0.0487919, 0, -0.00101268)
shape = SubResource("CylinderShape3D_xrql4")

[node name="StaticBody3D" type="StaticBody3D" parent="."]

[node name="ground" type="MeshInstance3D" parent="StaticBody3D"]
mesh = SubResource("BoxMesh_pncju")
skeleton = NodePath("../..")

[node name="collision-shape" type="CollisionShape3D" parent="StaticBody3D"]
shape = SubResource("BoxShape3D_pte3a")
